0         2.4
2         0.7
4         0.8
6         2.3
8         2.3
10        2.3
12        2.3
14        2.3
16        2.3
18        2.3
20        2.3
22        2.3
24        2.3
26        0.8
28        0.8
30        0.8
32        0.8
34        0.8
36        0.8
38        0.8
40        0.8
42        0.8
44        0.7
46        0.7
48        0.7
50        0.7
52        0.7
54        0.7
56        0.7
58        0.7
60        0.7
62        0.7
64        0.8
66        0.8
68        0.8
70        0.8
72        0.8
74        0.8
76        0.8
78        0.8
80        0.8
82        0.8
84        0.8
86        2.4
88        2.4
90        2.4
92        2.4
94        2.4
96        2.4
98        2.4
100       2.4
102       2.4
104       2.4
106       0.8
108       0.8
110       0.8
112       0.8
114       0.8
116       0.8
118       0.8
120       0.8
122       0.8
124       0.8
126       0.8
128       0.8
130       0.8
132       0.8
134       0.8
136       0.8
138       0.8
140       0.8
142       0.8
144       0.8
146       0.8
148       0.8
150       0.8
152       0.8
154       2.4
156       2.4
158       2.4
160       2.4
162       2.4
164       2.4
166       2.4
168       2.4
170       2.4
172       2.4
174       2.4
176       2.4
178       2.4
180       2.4