=~=~=~=~=~=~=~=~=~=~=~= PuTTY log 2026.09.22 09:46:29 =~=~=~=~=~=~=~=~=~=~=~=
0         38.8

2         169.6

4         43.0

6         169.4

8         169.3

10        167.5

12        167.1

14        167.1

16        166.9

18        166.5

20        166.4

22        166.0

24        166.0

26        166.3

28        166.4

30        166.3

32        166.3

34        45.4

36        44.5

38        44.0

40        43.5

42        43.5

44        43.0

46        42.9

48        42.9

50        42.5

52        42.5

54        42.5

56        42.5

58        42.5

60        42.5

62        42.5

64        42.5

66        42.5

68        42.9

70        43.0

72        43.0

74        43.5

76        43.9

78        44.0

80        44.1

82        45.0

84        307.3

86        306.8

88        306.8

90        307.1

92        307.4

94        306.6

96        306.2

98        307.5

100       307.3

102       307.4

104       309.5

106       40.4

108       39.9

110       39.4

112       39.4

114       39.3

116       38.8

118       38.8

120       38.7

122       38.3

124       38.3

126       38.3

128       38.2

130       38.2

132       38.2

134       38.2

136       38.3

138       38.3

140       38.3

142       38.3

144       38.8

146       38.8

148       38.9

150       39.4

152       39.4

154       39.5

156       40.2

158       40.5

160       40.9

162       179.9

164       179.3

166       179.3

168       179.2

170       179.2

172       179.2

174       178.7

176       178.7

178       178.7

180       178.7

